17
31
32
42
29
34
48
24
47
5
45
50
50
33
1
8
23
35
100
133641533786757930 620978893190569100
505561526214156621 810577489879811175
264759375381008346 347428108766554436
70230444461338995 296577928120323643
17646099526814298 62025876370000151
593669308334870921 922200100161659719
283634147931420132 725997582120459358
285873689263148493 687423046999166253
15351811311705060 115458106563278919
574082437040993176 601985979097123264
75120546353193939 109455144602265960
339566073945632057 417197900024544088
39217685265318933 395801533919695942
33132540954720982 778525365142262297
303050207917931153 497946218633116345
20597641677588114 118434790954383015
352235580316036770 404608058312339722
555413567947928009 769752217769609465
80117515724703584 333141921854818708
322865724307141851 791285386938431332
262129510600977801 459826284221601189
32872288425948493 180823742275762030
19963388978354385 129170836922488695
126627496433444623 260173893817277016
29134340393381328 127227358579295894
344277039047008107 734336519990268786
142134682847603723 936487327020108722
465811620585114474 836188458954395049
427668855269705965 764558806761698160
94825955563191798 236346623649958952
491422804275821205 760902269837145565
53499960760100240 82843873694577205
505256334072020034 721689951202384978
440216705270208296 453383868924624014
579662347126435588 728149006829065231
2503488481944435 915525448821751920
118336501457420959 946887069463954572
121234923920619039 138073834626445288
100048264242522181 139335549680299457
374486453633959519 382073448061694243
1258084874008797 857461922063874489
6954867610959 2801175236664090
196924616824407665 691353270466746672
278984885303887156 896097000982071130
100984807709087417 105280186008500701
353767903573460180 592670844931259189
122022624590379890 457307857670013651
240292999120085421 306607624770034268
108749204269211451 380604735246328047
110672019253068657 694793144927593169
106643146558034916 352743051863662281
204934733569701751 311359611344101458
828720500498452969 951011283562344578
173914536152840214 480147075418576496
14144994858599504 15600695176693657
24236810106679800 66970514373340233
229369943166204890 239733322352260866
295838382143031839 365303377187078647
2047851462808017 176366774122866726
72852101843181464 326186138122732438
324886994344132174 375239278193126134
16018177195737056 411326487461124892
512041111196552149 743244512312690526
340776127323178554 538412001532297631
320548085490308807 557871305861507267
830618379521547474 964303573307968756
1376502077153648 4700928817176753
20150263791888589 356487986580221621
281339408732946695 333360697167637007
177912813957390315 631954333566203277
63628168480602944 195072860462475214
131144880154397650 847712532080291345
249156672031150720 260840446326978392
191104863971229262 226987180610518791
658241547746887554 908648351456891417
866269874641556290 949008767878115048
25426608397861819 85163336616947034
738634067554067410 987053343840244310
304829329224306582 312462329824401595
248150242453725308 513508194675584861
54382602963964008 355166321041953263
362971795931857551 587779521471404563
493325156043596161 989391697709094199
120405007722331990 146443889660539316
605519370933355277 944301745968475783
452363584768136886 542328352015196806
92240047701929398 874848296237557805
174032796635126450 245145577113299324
135026233798676145 673097594163895743
1876532859361700 452969798253886910
153906558719022756 366226206113865752
118949346357297398 385381657902030388
32391338005072574 113963835780516785
382047169228212788 590450459523706396
7115292818715767 8155427791925531
321927788894824601 606219638647290688
379194213034377791 983520845076054324
79637869768876910 173890364298894982
64626143093573141 141506445161223924
174738552947908538 570727829093673987
