188 6645
2840 8
3103 47
317 40
500 32
2446 39
5034 67
5174 50
3267 56
398 77
315 11
1171 1
5293 60
3555 98
3422 66
1894 22
3282 23
659 37
2402 36
3896 65
2735 86
1269 88
2229 86
238 43
324 68
1551 93
171 34
677 89
253 76
2319 9
227 27
1193 87
1766 45
3055 18
2701 78
2976 58
3306 60
1171 37
1482 12
2025 22
1476 88
712 69
6569 18
3274 12
1685 20
422 48
1957 50
2955 16
1684 28
2365 76
5650 28
1054 93
415 98
5068 80
2050 80
5856 43
1258 70
3599 73
809 51
1335 13
5301 16
3242 75
141 39
6440 77
821 54
756 9
4205 3
4840 7
3597 18
6051 85
974 80
4814 73
634 93
5431 59
2045 68
4980 30
1035 13
4413 12
5870 56
3185 41
4346 3
4234 72
815 9
3256 53
838 62
5820 42
3357 15
835 34
6394 35
2073 8
1883 84
1292 88
917 58
4441 31
4512 83
4592 56
2957 95
1153 0
174 7
2803 41
1317 52
298 89
6505 38
2334 29
3997 34
5467 21
3623 22
4137 43
2384 73
5419 18
6024 78
2528 57
6060 10
141 73
2958 29
1493 24
4848 77
862 37
6600 97
4606 50
5166 39
5194 38
6389 11
5647 62
1138 86
3535 69
3904 22
1116 55
5476 100
212 75
3325 93
64 66
732 50
3730 44
3195 26
6004 0
2375 44
2541 49
6556 17
6176 53
2115 42
3130 64
1854 69
4599 30
603 46
3098 18
1876 94
1255 80
2021 60
5156 1
1948 96
1726 6
1593 62
5830 76
5193 11
3912 41
5948 31
5243 43
3936 5
2961 98
4423 27
166 68
6584 75
2159 50
3679 28
5498 54
4778 89
921 73
6003 29
6544 100
4604 20
1736 22
2169 76
4942 25
6503 17
3653 58
6550 61
6509 84
2456 90
5757 5
4583 6
4616 59
3562 40
1124 94
5592 25
5651 20
731 33
1674 17
6645 83


